3c 3f 70 68 70 0a 0a 64  65 63 6c 61 72 65 28 73
74 72 69 63 74 5f 74 79  70 65 73 3d 31 29 3b 0a
0a 6e 61 6d 65 73 70 61  63 65 20 54 65 73 74 73
5c 55 6e 69 74 3b 0a 0a  75 73 65 20 41 70 70 5c
4d 6f 64 65 6c 73 5c 53  75 70 70 6c 69 65 72 3b
0a 75 73 65 20 41 70 70  5c 53 65 72 76 69 63 65
73 5c 49 6e 74 65 67 72  61 74 69 6f 6e 73 5c 50
6c 75 67 69 6e 73 5c 50  6c 75 67 69 6e 46 69 6c
65 4c 6f 61 64 65 72 3b  0a 75 73 65 20 41 70 70
5c 53 65 72 76 69 63 65  73 5c 49 6e 74 65 67 72
61 74 69 6f 6e 73 5c 50  6c 75 67 69 6e 73 5c 50
6c 75 67 69 6e 53 63 61  6e 6e 65 72 3b 0a 75 73
65 20 41 70 70 5c 53 65  72 76 69 63 65 73 5c 55
70 73 74 72 65 61 6d 5c  44 72 69 76 65 72 73 5c
48 6f 73 74 69 6e 67 50  61 6e 65 6c 41 70 69 5c
48 6f 73 74 69 6e 67 50  61 6e 65 6c 41 70 69 54
72 61 6e 73 70 6f 72 74  3b 0a 75 73 65 20 43 61
69 77 75 5c 50 6c 75 67  69 6e 73 5c 53 65 72 76
65 72 73 5c 5a 6a 6d 66  46 69 6e 61 6e 63 65 5c
4c 69 62 5c 5a 6a 6d 66  43 6c 6f 75 64 43 6f 6e
66 69 67 54 65 6d 70 6c  61 74 65 3b 0a 75 73 65
20 43 61 69 77 75 5c 50  6c 75 67 69 6e 73 5c 53
65 72 76 65 72 73 5c 5a  6a 6d 66 46 69 6e 61 6e
63 65 5c 4c 69 62 5c 5a  6a 6d 66 46 69 6e 61 6e
63 65 41 64 61 70 74 65  72 3b 0a 75 73 65 20 54
65 73 74 73 5c 54 65 73  74 43 61 73 65 3b 0a 0a
63 6c 61 73 73 20 5a 6a  6d 66 43 6c 6f 75 64 43
6f 6e 66 69 67 54 65 6d  70 6c 61 74 65 54 65 73
74 20 65 78 74 65 6e 64  73 20 54 65 73 74 43 61
73 65 0a 7b 0a 20 20 20  20 70 72 6f 74 65 63 74
65 64 20 66 75 6e 63 74  69 6f 6e 20 73 65 74 55
70 28 29 3a 20 76 6f 69  64 0a 20 20 20 20 7b 0a
20 20 20 20 20 20 20 20  70 61 72 65 6e 74 3a 3a
73 65 74 55 70 28 29 3b  0a 0a 20 20 20 20 20 20
20 20 61 70 70 28 50 6c  75 67 69 6e 46 69 6c 65
4c 6f 61 64 65 72 3a 3a  63 6c 61 73 73 29 2d 3e
65 6e 73 75 72 65 4c 6f  61 64 65 64 28 0a 20 20
20 20 20 20 20 20 20 20  20 20 61 70 70 28 50 6c
75 67 69 6e 53 63 61 6e  6e 65 72 3a 3a 63 6c 61
73 73 29 2d 3e 72 65 71  75 69 72 65 4d 61 6e 69
66 65 73 74 28 27 75 70  73 74 72 65 61 6d 27 2c
20 27 7a 6a 6d 66 5f 66  69 6e 61 6e 63 65 27 29
0a 20 20 20 20 20 20 20  20 29 3b 0a 20 20 20 20
7d 0a 0a 20 20 20 20 70  75 62 6c 69 63 20 66 75
6e 63 74 69 6f 6e 20 74  65 73 74 5f 69 74 5f 62
75 69 6c 64 73 5f 63 6c  6f 75 64 5f 63 6f 6e 66
69 67 5f 74 65 6d 70 6c  61 74 65 5f 66 72 6f 6d
5f 70 72 6f 64 75 63 74  5f 64 65 73 63 72 69 70
74 69 6f 6e 28 29 3a 20  76 6f 69 64 0a 20 20 20
20 7b 0a 20 20 20 20 20  20 20 20 24 74 65 6d 70
6c 61 74 65 20 3d 20 6e  65 77 20 5a 6a 6d 66 43
6c 6f 75 64 43 6f 6e 66  69 67 54 65 6d 70 6c 61
74 65 3b 0a 0a 20 20 20  20 20 20 20 20 24 63 6f
6e 66 69 67 4f 70 74 69  6f 6e 73 20 3d 20 24 74
65 6d 70 6c 61 74 65 2d  3e 62 75 69 6c 64 28 5b
0a 20 20 20 20 20 20 20  20 20 20 20 20 27 6e 61
6d 65 27 20 3d 3e 20 27  e9 a6 99 e6 b8 af 20 43
4e 32 20 e4 ba 91 e6 9c  8d e5 8a a1 e5 99 a8 27
2c 0a 20 20 20 20 20 20  20 20 20 20 20 20 27 74
79 70 65 27 20 3d 3e 20  27 64 63 69 6d 63 6c 6f
75 64 27 2c 0a 20 20 20  20 20 20 20 20 20 20 20
20 27 64 65 73 63 72 69  70 74 69 6f 6e 27 20 3d
3e 20 27 43 50 55 ef bc  3f e6 a0 3f 62 72 3e e5
86 85 e5 ad 98 ef bc 3f  47 3c 62 72 3e e5 b8 a6
e5 ae bd ef bc 3f 30 4d  3c 62 72 3e e6 b5 81 e9
87 8f ef bc 3f 54 3c 62  72 3e e7 a1 ac e7 9b 98
ef bc 3f 30 47 27 2c 0a  20 20 20 20 20 20 20 20
5d 29 3b 0a 0a 20 20 20  20 20 20 20 20 24 6f 70
74 69 6f 6e 73 42 79 46  69 65 6c 64 20 3d 20 63
6f 6c 6c 65 63 74 28 24  63 6f 6e 66 69 67 4f 70
74 69 6f 6e 73 29 2d 3e  6b 65 79 42 79 28 27 66
69 65 6c 64 27 29 3b 0a  0a 20 20 20 20 20 20 20
20 24 74 68 69 73 2d 3e  61 73 73 65 72 74 53 61
6d 65 28 27 6d 6f 66 61  6e 67 5f 61 70 69 27 2c
20 24 6f 70 74 69 6f 6e  73 42 79 46 69 65 6c 64
2d 3e 67 65 74 28 27 63  70 75 27 29 5b 27 73 6f
75 72 63 65 27 5d 29 3b  0a 20 20 20 20 20 20 20
20 24 74 68 69 73 2d 3e  61 73 73 65 72 74 53 61
6d 65 28 27 32 7c 32 20  e6 a0 b8 e5 bf 83 27 2c
20 24 6f 70 74 69 6f 6e  73 42 79 46 69 65 6c 64
2d 3e 67 65 74 28 27 63  70 75 27 29 5b 27 70 61
72 61 6d 65 74 65 72 27  5d 29 3b 0a 20 20 20 20
20 20 20 20 24 74 68 69  73 2d 3e 61 73 73 65 72
74 53 61 6d 65 28 27 34  30 39 36 7c 34 47 27 2c
20 24 6f 70 74 69 6f 6e  73 42 79 46 69 65 6c 64
2d 3e 67 65 74 28 27 6d  65 6d 6f 72 79 27 29 5b
27 70 61 72 61 6d 65 74  65 72 27 5d 29 3b 0a 20
20 20 20 20 20 20 20 24  74 68 69 73 2d 3e 61 73
73 65 72 74 53 61 6d 65  28 27 32 30 7c 32 30 4d
62 70 73 27 2c 20 24 6f  70 74 69 6f 6e 73 42 79
46 69 65 6c 64 2d 3e 67  65 74 28 27 62 77 27 29
5b 27 70 61 72 61 6d 65  74 65 72 27 5d 29 3b 0a
20 20 20 20 20 20 20 20  24 74 68 69 73 2d 3e 61
73 73 65 72 74 53 61 6d  65 28 27 31 30 32 34 7c
31 54 27 2c 20 24 6f 70  74 69 6f 6e 73 42 79 46
69 65 6c 64 2d 3e 67 65  74 28 27 66 6c 6f 77 5f
6c 69 6d 69 74 27 29 5b  27 70 61 72 61 6d 65 74
65 72 27 5d 29 3b 0a 20  20 20 20 20 20 20 20 24
74 68 69 73 2d 3e 61 73  73 65 72 74 53 61 6d 65
28 27 36 30 7c e7 b3 bb  e7 bb 9f e7 9b 3f 2c 20
24 6f 70 74 69 6f 6e 73  42 79 46 69 65 6c 64 2d
3e 67 65 74 28 27 73 79  73 74 65 6d 5f 64 69 73
6b 5f 73 69 7a 65 27 29  5b 27 70 61 72 61 6d 65
74 65 72 27 5d 29 3b 0a  20 20 20 20 7d 0a 0a 20
20 20 20 70 75 62 6c 69  63 20 66 75 6e 63 74 69
6f 6e 20 74 65 73 74 5f  69 74 5f 65 78 70 6f 73
65 73 5f 73 75 70 70 6f  72 74 65 64 5f 63 6c 6f
75 64 5f 70 72 6f 64 75  63 74 5f 74 79 70 65 73
28 29 3a 20 76 6f 69 64  0a 20 20 20 20 7b 0a 20
20 20 20 20 20 20 20 24  74 65 6d 70 6c 61 74 65
20 3d 20 6e 65 77 20 5a  6a 6d 66 43 6c 6f 75 64
43 6f 6e 66 69 67 54 65  6d 70 6c 61 74 65 3b 0a
0a 20 20 20 20 20 20 20  20 24 74 68 69 73 2d 3e
61 73 73 65 72 74 54 72  75 65 28 24 74 65 6d 70
6c 61 74 65 2d 3e 73 75  70 70 6f 72 74 73 28 5b
27 74 79 70 65 27 20 3d  3e 20 27 64 63 69 6d 63
6c 6f 75 64 27 5d 29 29  3b 0a 20 20 20 20 20 20
20 20 24 74 68 69 73 2d  3e 61 73 73 65 72 74 54
72 75 65 28 24 74 65 6d  70 6c 61 74 65 2d 3e 73
75 70 70 6f 72 74 73 28  5b 27 74 79 70 65 27 20
3d 3e 20 27 63 6c 6f 75  64 27 5d 29 29 3b 0a 20
20 20 20 20 20 20 20 24  74 68 69 73 2d 3e 61 73
73 65 72 74 54 72 75 65  28 24 74 65 6d 70 6c 61
74 65 2d 3e 73 75 70 70  6f 72 74 73 28 5b 27 74
79 70 65 27 20 3d 3e 20  27 76 70 73 27 5d 29 29
3b 0a 20 20 20 20 20 20  20 20 24 74 68 69 73 2d
3e 61 73 73 65 72 74 46  61 6c 73 65 28 24 74 65
6d 70 6c 61 74 65 2d 3e  73 75 70 70 6f 72 74 73
28 5b 27 74 79 70 65 27  20 3d 3e 20 27 73 65 72
76 65 72 27 5d 29 29 3b  0a 20 20 20 20 7d 0a 0a
20 20 20 20 70 75 62 6c  69 63 20 66 75 6e 63 74
69 6f 6e 20 74 65 73 74  5f 6d 6f 66 61 6e 67 5f
61 64 61 70 74 65 72 5f  66 61 6c 6c 73 5f 62 61
63 6b 5f 74 6f 5f 63 6c  6f 75 64 5f 74 65 6d 70
6c 61 74 65 5f 77 68 65  6e 5f 72 65 6d 6f 74 65
5f 6f 70 74 69 6f 6e 73  5f 61 72 65 5f 65 6d 70
74 79 28 29 3a 20 76 6f  69 64 0a 20 20 20 20 7b
0a 20 20 20 20 20 20 20  20 24 73 75 70 70 6c 69
65 72 20 3d 20 24 74 68  69 73 2d 3e 6d 61 6b 65
53 75 70 70 6c 69 65 72  28 29 3b 0a 20 20 20 20
20 20 20 20 24 74 72 61  6e 73 70 6f 72 74 20 3d
20 24 74 68 69 73 2d 3e  6d 61 6b 65 43 61 74 61
6c 6f 67 54 72 61 6e 73  70 6f 72 74 28 5b 0a 20
20 20 20 20 20 20 20 20  20 20 20 5b 0a 20 20 20
20 20 20 20 20 20 20 20  20 20 20 20 20 27 69 64
27 20 3d 3e 20 31 30 30  31 2c 0a 20 20 20 20 20
20 20 20 20 20 20 20 20  20 20 20 27 6e 61 6d 65
27 20 3d 3e 20 27 e9 a6  99 e6 b8 af 20 43 4e 32
20 e4 ba 91 e6 9c 8d e5  8a a1 e5 99 a8 27 2c 0a
20 20 20 20 20 20 20 20  20 20 20 20 20 20 20 20
27 74 79 70 65 27 20 3d  3e 20 27 64 63 69 6d 63
6c 6f 75 64 27 2c 0a 20  20 20 20 20 20 20 20 20
20 20 20 20 20 20 20 27  64 65 73 63 72 69 70 74
69 6f 6e 27 20 3d 3e 20  27 43 50 55 ef bc 3f e6
a0 3f 62 72 3e e5 86 85  e5 ad 98 ef bc 3f 47 3c
62 72 3e e5 b8 a6 e5 ae  bd ef bc 3f 30 4d 27 2c
0a 20 20 20 20 20 20 20  20 20 20 20 20 5d 2c 0a
20 20 20 20 20 20 20 20  5d 29 3b 0a 0a 20 20 20
20 20 20 20 20 24 74 65  6d 70 6c 61 74 65 20 3d
20 28 6e 65 77 20 5a 6a  6d 66 46 69 6e 61 6e 63
65 41 64 61 70 74 65 72  28 24 74 72 61 6e 73 70
6f 72 74 2c 20 6e 65 77  20 5a 6a 6d 66 43 6c 6f
75 64 43 6f 6e 66 69 67  54 65 6d 70 6c 61 74 65
29 29 0a 20 20 20 20 20  20 20 20 20 20 20 20 2d
3e 67 65 74 50 72 6f 64  75 63 74 43 6f 6e 66 69
67 54 65 6d 70 6c 61 74  65 28 24 73 75 70 70 6c
69 65 72 2c 20 31 30 30  31 29 3b 0a 0a 20 20 20
20 20 20 20 20 24 6f 70  74 69 6f 6e 73 42 79 46
69 65 6c 64 20 3d 20 63  6f 6c 6c 65 63 74 28 24
74 65 6d 70 6c 61 74 65  5b 27 63 6f 6e 66 69 67
5f 6f 70 74 69 6f 6e 73  27 5d 29 2d 3e 6b 65 79
42 79 28 27 66 69 65 6c  64 27 29 3b 0a 0a 20 20
20 20 20 20 20 20 24 74  68 69 73 2d 3e 61 73 73
65 72 74 53 61 6d 65 28  27 32 7c 32 20 e6 a0 b8
e5 bf 83 27 2c 20 24 6f  70 74 69 6f 6e 73 42 79
46 69 65 6c 64 2d 3e 67  65 74 28 27 63 70 75 27
29 5b 27 70 61 72 61 6d  65 74 65 72 27 5d 29 3b
0a 20 20 20 20 20 20 20  20 24 74 68 69 73 2d 3e
61 73 73 65 72 74 53 61  6d 65 28 27 34 30 39 36
7c 34 47 27 2c 20 24 6f  70 74 69 6f 6e 73 42 79
46 69 65 6c 64 2d 3e 67  65 74 28 27 6d 65 6d 6f
72 79 27 29 5b 27 70 61  72 61 6d 65 74 65 72 27
5d 29 3b 0a 20 20 20 20  20 20 20 20 24 74 68 69
73 2d 3e 61 73 73 65 72  74 53 61 6d 65 28 5b 27
63 70 75 27 2c 20 27 6d  65 6d 6f 72 79 27 2c 20
27 62 77 27 5d 2c 20 24  74 65 6d 70 6c 61 74 65
5b 27 61 75 74 6f 5f 66  69 6c 6c 65 64 5f 66 69
65 6c 64 73 27 5d 29 3b  0a 20 20 20 20 7d 0a 0a
20 20 20 20 70 75 62 6c  69 63 20 66 75 6e 63 74
69 6f 6e 20 74 65 73 74  5f 6d 6f 66 61 6e 67 5f
61 64 61 70 74 65 72 5f  6c 61 62 65 6c 73 5f 6d
6f 66 61 6e 67 5f 63 6c  6f 75 64 5f 70 72 6f 64
75 63 74 5f 74 79 70 65  73 28 29 3a 20 76 6f 69
64 0a 20 20 20 20 7b 0a  20 20 20 20 20 20 20 20
24 73 75 70 70 6c 69 65  72 20 3d 20 24 74 68 69
73 2d 3e 6d 61 6b 65 53  75 70 70 6c 69 65 72 28
29 3b 0a 20 20 20 20 20  20 20 20 24 74 72 61 6e
73 70 6f 72 74 20 3d 20  24 74 68 69 73 2d 3e 6d
61 6b 65 43 61 74 61 6c  6f 67 54 72 61 6e 73 70
6f 72 74 28 5b 0a 20 20  20 20 20 20 20 20 20 20
20 20 5b 0a 20 20 20 20  20 20 20 20 20 20 20 20
20 20 20 20 27 69 64 27  20 3d 3e 20 31 30 30 31
2c 0a 20 20 20 20 20 20  20 20 20 20 20 20 20 20
20 20 27 6e 61 6d 65 27  20 3d 3e 20 27 e9 a6 99
e6 b8 af 20 43 4e 32 20  e4 ba 91 e6 9c 8d e5 8a
a1 e5 99 a8 27 2c 0a 20  20 20 20 20 20 20 20 20
20 20 20 20 20 20 20 27  74 79 70 65 27 20 3d 3e
20 27 64 63 69 6d 63 6c  6f 75 64 27 2c 0a 20 20
20 20 20 20 20 20 20 20  20 20 20 20 20 20 27 74
79 70 65 5f 6c 61 62 65  6c 27 20 3d 3e 20 27 64
63 69 6d 63 6c 6f 75 64  27 2c 0a 20 20 20 20 20
20 20 20 20 20 20 20 20  20 20 20 27 64 65 73 63
72 69 70 74 69 6f 6e 27  20 3d 3e 20 27 43 50 55
ef bc 3f e6 a0 3f 2c 0a  20 20 20 20 20 20 20 20
20 20 20 20 5d 2c 0a 20  20 20 20 20 20 20 20 5d
29 3b 0a 0a 20 20 20 20  20 20 20 20 24 74 65 6d
70 6c 61 74 65 20 3d 20  28 6e 65 77 20 5a 6a 6d
66 46 69 6e 61 6e 63 65  41 64 61 70 74 65 72 28
24 74 72 61 6e 73 70 6f  72 74 2c 20 6e 65 77 20
5a 6a 6d 66 43 6c 6f 75  64 43 6f 6e 66 69 67 54
65 6d 70 6c 61 74 65 29  29 0a 20 20 20 20 20 20
20 20 20 20 20 20 2d 3e  67 65 74 50 72 6f 64 75
63 74 43 6f 6e 66 69 67  54 65 6d 70 6c 61 74 65
28 24 73 75 70 70 6c 69  65 72 2c 20 31 30 30 31
29 3b 0a 0a 20 20 20 20  20 20 20 20 24 74 68 69
73 2d 3e 61 73 73 65 72  74 53 61 6d 65 28 27 e4
ba 91 e6 9c 8d e5 8a a1  e5 99 a8 27 2c 20 24 74
65 6d 70 6c 61 74 65 5b  27 70 72 6f 64 75 63 74
27 5d 5b 27 74 79 70 65  5f 6c 61 62 65 6c 27 5d
29 3b 0a 20 20 20 20 7d  0a 0a 20 20 20 20 70 75
62 6c 69 63 20 66 75 6e  63 74 69 6f 6e 20 74 65
73 74 5f 6d 6f 66 61 6e  67 5f 61 64 61 70 74 65
72 5f 6c 61 62 65 6c 73  5f 6d 6f 66 61 6e 67 5f
63 6c 6f 75 64 5f 70 72  6f 64 75 63 74 5f 74 79
70 65 73 5f 69 6e 5f 63  61 74 61 6c 6f 67 28 29
3a 20 76 6f 69 64 0a 20  20 20 20 7b 0a 20 20 20
20 20 20 20 20 24 73 75  70 70 6c 69 65 72 20 3d
20 24 74 68 69 73 2d 3e  6d 61 6b 65 53 75 70 70
6c 69 65 72 28 29 3b 0a  20 20 20 20 20 20 20 20
24 74 72 61 6e 73 70 6f  72 74 20 3d 20 24 74 68
69 73 2d 3e 6d 61 6b 65  43 61 74 61 6c 6f 67 54
72 61 6e 73 70 6f 72 74  28 5b 0a 20 20 20 20 20
20 20 20 20 20 20 20 5b  0a 20 20 20 20 20 20 20
20 20 20 20 20 20 20 20  20 27 69 64 27 20 3d 3e
20 31 30 30 31 2c 0a 20  20 20 20 20 20 20 20 20
20 20 20 20 20 20 20 27  6e 61 6d 65 27 20 3d 3e
20 27 e9 a6 99 e6 b8 af  20 43 4e 32 20 e4 ba 91
e6 9c 8d e5 8a a1 e5 99  a8 27 2c 0a 20 20 20 20
20 20 20 20 20 20 20 20  20 20 20 20 27 74 79 70
65 27 20 3d 3e 20 27 64  63 69 6d 63 6c 6f 75 64
27 2c 0a 20 20 20 20 20  20 20 20 20 20 20 20 20
20 20 20 27 74 79 70 65  5f 6c 61 62 65 6c 27 20
3d 3e 20 27 64 63 69 6d  63 6c 6f 75 64 27 2c 0a
20 20 20 20 20 20 20 20  20 20 20 20 5d 2c 0a 20
20 20 20 20 20 20 20 5d  29 3b 0a 0a 20 20 20 20
20 20 20 20 24 63 61 74  61 6c 6f 67 20 3d 20 28
6e 65 77 20 5a 6a 6d 66  46 69 6e 61 6e 63 65 41
64 61 70 74 65 72 28 24  74 72 61 6e 73 70 6f 72
74 2c 20 6e 65 77 20 5a  6a 6d 66 43 6c 6f 75 64
43 6f 6e 66 69 67 54 65  6d 70 6c 61 74 65 29 29
0a 20 20 20 20 20 20 20  20 20 20 20 20 2d 3e 67
65 74 50 72 6f 64 75 63  74 43 61 74 61 6c 6f 67
28 24 73 75 70 70 6c 69  65 72 29 3b 0a 0a 20 20
20 20 20 20 20 20 24 74  68 69 73 2d 3e 61 73 73
65 72 74 53 61 6d 65 28  27 e4 ba 91 e6 9c 8d e5
8a a1 e5 99 a8 27 2c 20  24 63 61 74 61 6c 6f 67
5b 27 70 72 6f 64 75 63  74 73 27 5d 5b 30 5d 5b
27 74 79 70 65 5f 6c 61  62 65 6c 27 5d 29 3b 0a
20 20 20 20 20 20 20 20  24 74 68 69 73 2d 3e 61
73 73 65 72 74 53 61 6d  65 28 27 e4 ba 91 e6 9c
8d e5 8a a1 e5 99 a8 27  2c 20 24 63 61 74 61 6c
6f 67 5b 27 67 72 6f 75  70 73 27 5d 5b 30 5d 5b
27 69 74 65 6d 73 27 5d  5b 30 5d 5b 27 74 79 70
65 5f 6c 61 62 65 6c 27  5d 29 3b 0a 20 20 20 20
7d 0a 0a 20 20 20 20 70  72 69 76 61 74 65 20 66
75 6e 63 74 69 6f 6e 20  6d 61 6b 65 53 75 70 70
6c 69 65 72 28 29 3a 20  53 75 70 70 6c 69 65 72
0a 20 20 20 20 7b 0a 20  20 20 20 20 20 20 20 72
65 74 75 72 6e 20 28 6e  65 77 20 53 75 70 70 6c
69 65 72 29 2d 3e 66 6f  72 63 65 46 69 6c 6c 28
5b 0a 20 20 20 20 20 20  20 20 20 20 20 20 27 69
64 27 20 3d 3e 20 31 2c  0a 20 20 20 20 20 20 20
20 20 20 20 20 27 69 6e  74 65 72 66 61 63 65 5f
74 79 70 65 27 20 3d 3e  20 27 6d 6f 66 61 6e 67
5f 66 69 6e 61 6e 63 65  5f 61 70 69 27 2c 0a 20
20 20 20 20 20 20 20 20  20 20 20 27 61 70 69 5f
75 72 6c 27 20 3d 3e 20  27 68 74 74 70 73 3a 2f
2f 6d 6f 66 61 6e 67 2e  65 78 61 6d 70 6c 65 2e
74 65 73 74 27 2c 0a 20  20 20 20 20 20 20 20 20
20 20 20 27 61 70 69 5f  75 73 65 72 6e 61 6d 65
27 20 3d 3e 20 27 64 65  6d 6f 27 2c 0a 20 20 20
20 20 20 20 20 20 20 20  20 27 61 70 69 5f 6b 65
79 27 20 3d 3e 20 27 73  65 63 72 65 74 27 2c 0a
20 20 20 20 20 20 20 20  5d 29 3b 0a 20 20 20 20
7d 0a 0a 20 20 20 20 70  72 69 76 61 74 65 20 66
75 6e 63 74 69 6f 6e 20  6d 61 6b 65 43 61 74 61
6c 6f 67 54 72 61 6e 73  70 6f 72 74 28 61 72 72
61 79 20 24 70 72 6f 64  75 63 74 73 29 3a 20 48
6f 73 74 69 6e 67 50 61  6e 65 6c 41 70 69 54 72
61 6e 73 70 6f 72 74 0a  20 20 20 20 7b 0a 20 20
20 20 20 20 20 20 72 65  74 75 72 6e 20 6e 65 77
20 63 6c 61 73 73 28 24  70 72 6f 64 75 63 74 73
29 20 65 78 74 65 6e 64  73 20 48 6f 73 74 69 6e
67 50 61 6e 65 6c 41 70  69 54 72 61 6e 73 70 6f
72 74 0a 20 20 20 20 20  20 20 20 7b 0a 20 20 20
20 20 20 20 20 20 20 20  20 70 75 62 6c 69 63 20
66 75 6e 63 74 69 6f 6e  20 5f 5f 63 6f 6e 73 74
72 75 63 74 28 70 72 69  76 61 74 65 20 72 65 61
64 6f 6e 6c 79 20 61 72  72 61 79 20 24 70 72 6f
64 75 63 74 73 29 20 7b  7d 0a 0a 20 20 20 20 20
20 20 20 20 20 20 20 70  75 62 6c 69 63 20 66 75
6e 63 74 69 6f 6e 20 72  65 71 75 65 73 74 28 0a
20 20 20 20 20 20 20 20  20 20 20 20 20 20 20 20
53 75 70 70 6c 69 65 72  20 24 73 75 70 70 6c 69
65 72 2c 0a 20 20 20 20  20 20 20 20 20 20 20 20
20 20 20 20 73 74 72 69  6e 67 20 24 6d 65 74 68
6f 64 2c 0a 20 20 20 20  20 20 20 20 20 20 20 20
20 20 20 20 73 74 72 69  6e 67 20 24 75 72 69 2c
0a 20 20 20 20 20 20 20  20 20 20 20 20 20 20 20
20 61 72 72 61 79 7c 73  74 72 69 6e 67 20 24 70
61 79 6c 6f 61 64 20 3d  20 5b 5d 2c 0a 20 20 20
20 20 20 20 20 20 20 20  20 20 20 20 20 3f 73 74
72 69 6e 67 20 24 6a 77  74 20 3d 20 6e 75 6c 6c
2c 0a 20 20 20 20 20 20  20 20 20 20 20 20 20 20
20 20 61 72 72 61 79 20  24 68 65 61 64 65 72 73
20 3d 20 5b 5d 2c 0a 20  20 20 20 20 20 20 20 20
20 20 20 20 20 20 20 61  72 72 61 79 20 24 71 75
65 72 79 20 3d 20 5b 5d  0a 20 20 20 20 20 20 20
20 20 20 20 20 29 3a 20  61 72 72 61 79 20 7b 0a
20 20 20 20 20 20 20 20  20 20 20 20 20 20 20 20
69 66 20 28 24 75 72 69  20 3d 3d 3d 20 27 2f 76
31 2f 6c 6f 67 69 6e 5f  61 70 69 27 29 20 7b 0a
20 20 20 20 20 20 20 20  20 20 20 20 20 20 20 20
20 20 20 20 72 65 74 75  72 6e 20 5b 27 73 74 61
74 75 73 27 20 3d 3e 20  32 30 30 2c 20 27 6a 77
74 27 20 3d 3e 20 27 6d  6f 66 61 6e 67 2d 6a 77
74 27 5d 3b 0a 20 20 20  20 20 20 20 20 20 20 20
20 20 20 20 20 7d 0a 0a  20 20 20 20 20 20 20 20
20 20 20 20 20 20 20 20  69 66 20 28 24 75 72 69
20 3d 3d 3d 20 27 2f 76  31 2f 70 72 6f 64 75 63
74 73 27 29 20 7b 0a 20  20 20 20 20 20 20 20 20
20 20 20 20 20 20 20 20  20 20 20 72 65 74 75 72
6e 20 5b 0a 20 20 20 20  20 20 20 20 20 20 20 20
20 20 20 20 20 20 20 20  20 20 20 20 27 73 74 61
74 75 73 27 20 3d 3e 20  32 30 30 2c 0a 20 20 20
20 20 20 20 20 20 20 20  20 20 20 20 20 20 20 20
20 20 20 20 20 27 64 61  74 61 27 20 3d 3e 20 5b
0a 20 20 20 20 20 20 20  20 20 20 20 20 20 20 20
20 20 20 20 20 20 20 20  20 20 20 20 20 27 66 69
72 73 74 5f 67 72 6f 75  70 27 20 3d 3e 20 5b 0a
20 20 20 20 20 20 20 20  20 20 20 20 20 20 20 20
20 20 20 20 20 20 20 20  20 20 20 20 20 20 20 20
5b 0a 20 20 20 20 20 20  20 20 20 20 20 20 20 20
20 20 20 20 20 20 20 20  20 20 20 20 20 20 20 20
20 20 20 20 20 20 27 6e  61 6d 65 27 20 3d 3e 20
27 e4 ba 91 e6 9c 8d e5  8a a1 e5 99 a8 27 2c 0a
20 20 20 20 20 20 20 20  20 20 20 20 20 20 20 20
20 20 20 20 20 20 20 20  20 20 20 20 20 20 20 20
20 20 20 20 27 67 72 6f  75 70 27 20 3d 3e 20 5b
0a 20 20 20 20 20 20 20  20 20 20 20 20 20 20 20
20 20 20 20 20 20 20 20  20 20 20 20 20 20 20 20
20 20 20 20 20 20 20 20  20 5b 0a 20 20 20 20 20
20 20 20 20 20 20 20 20  20 20 20 20 20 20 20 20
20 20 20 20 20 20 20 20  20 20 20 20 20 20 20 20
20 20 20 20 20 20 20 27  6e 61 6d 65 27 20 3d 3e
20 27 e4 ba 91 e6 9c 8d  e5 8a a1 e5 99 a8 27 2c
0a 20 20 20 20 20 20 20  20 20 20 20 20 20 20 20
20 20 20 20 20 20 20 20  20 20 20 20 20 20 20 20
20 20 20 20 20 20 20 20  20 20 20 20 20 27 70 72
6f 64 75 63 74 73 27 20  3d 3e 20 24 74 68 69 73
2d 3e 70 72 6f 64 75 63  74 73 2c 0a 20 20 20 20
20 20 20 20 20 20 20 20  20 20 20 20 20 20 20 20
20 20 20 20 20 20 20 20  20 20 20 20 20 20 20 20
20 20 20 20 5d 2c 0a 20  20 20 20 20 20 20 20 20
20 20 20 20 20 20 20 20  20 20 20 20 20 20 20 20
20 20 20 20 20 20 20 20  20 20 20 5d 2c 0a 20 20
20 20 20 20 20 20 20 20  20 20 20 20 20 20 20 20
20 20 20 20 20 20 20 20  20 20 20 20 20 20 5d 2c
0a 20 20 20 20 20 20 20  20 20 20 20 20 20 20 20
20 20 20 20 20 20 20 20  20 20 20 20 20 5d 2c 0a
20 20 20 20 20 20 20 20  20 20 20 20 20 20 20 20
20 20 20 20 20 20 20 20  5d 2c 0a 20 20 20 20 20
20 20 20 20 20 20 20 20  20 20 20 20 20 20 20 5d
3b 0a 20 20 20 20 20 20  20 20 20 20 20 20 20 20
20 20 7d 0a 0a 20 20 20  20 20 20 20 20 20 20 20
20 20 20 20 20 69 66 20  28 24 75 72 69 20 3d 3d
3d 20 27 2f 76 31 2f 70  72 6f 64 75 63 74 73 63
6f 6e 66 69 67 27 29 20  7b 0a 20 20 20 20 20 20
20 20 20 20 20 20 20 20  20 20 20 20 20 20 72 65
74 75 72 6e 20 5b 27 73  74 61 74 75 73 27 20 3d
3e 20 32 30 30 2c 20 27  64 61 74 61 27 20 3d 3e
20 5b 27 66 69 72 73 74  5f 67 72 6f 75 70 27 20
3d 3e 20 5b 5d 5d 5d 3b  0a 20 20 20 20 20 20 20
20 20 20 20 20 20 20 20  20 7d 0a 0a 20 20 20 20
20 20 20 20 20 20 20 20  20 20 20 20 69 66 20 28
73 74 72 5f 63 6f 6e 74  61 69 6e 73 28 24 75 72
69 2c 20 27 2f 63 61 72  74 2f 67 65 74 5f 70 72
6f 64 75 63 74 5f 63 6f  6e 66 69 67 27 29 29 20
7b 0a 20 20 20 20 20 20  20 20 20 20 20 20 20 20
20 20 20 20 20 20 72 65  74 75 72 6e 20 5b 27 73
74 61 74 75 73 27 20 3d  3e 20 32 30 30 2c 20 27
64 61 74 61 27 20 3d 3e  20 5b 27 63 6f 6e 66 69
67 5f 67 72 6f 75 70 73  27 20 3d 3e 20 5b 5d 5d
5d 3b 0a 20 20 20 20 20  20 20 20 20 20 20 20 20
20 20 20 7d 0a 0a 20 20  20 20 20 20 20 20 20 20
20 20 20 20 20 20 72 65  74 75 72 6e 20 5b 27 73
74 61 74 75 73 27 20 3d  3e 20 32 30 30 2c 20 27
64 61 74 61 27 20 3d 3e  20 5b 5d 5d 3b 0a 20 20
20 20 20 20 20 20 20 20  20 20 7d 0a 20 20 20 20
20 20 20 20 7d 3b 0a 20  20 20 20 7d 0a 7d 0a
